  5  10  15  20  25  30
 33  45  34  42  45  44
 32  47  44  44  34  45
 26  49  34  42  44  45
 15  39  39  45  45  34
 28  34  34  57  34  34
 27  42  40  42  34  45
 37  29  41  39  55  45
 32  37  42  34  45  45
 23  41  51  41  44  34
 31  42  44  45  45  34
 29  39  44  55  45  42
 30  29  50  41  44  42
 32  35  52  45  45  45
 36  43  45  45  45  45
 41  41  33  45  34  42
 23  42  48  45  34  45
 30  28  49  45  41  45
 20  42  39  45  43  42
 33  34  55  34  34  45
 24  42  50  45  45  34
 23  40  35  45  52  34
 41  42  45  34  45  45
 31  40  50  43  34  45
 31  32  41  51  40  45
 33  41  43  44  42  34
 22  45  34  34  38  45
 27  36  39  45  34  45
 26  39  42  45  42  34
 34  41  39  45  45  57
 38  45  39  45  34  45
 13  34  45  45  41  34
 34  44  42  42  45  42
 28  39  45  34  34  45
 29  28  34  45  45  45
 18  44  42  34  45  34
 41  34  34  42  45  45
 27  28  45  39  45  45
 30  30  45  34  34  34
 28  28  45  34  45  42
 50  34  55  45  34  42
 41  42  42  45  52  45
 34  29  40  45  34  45
 42  33  42  45  44  41
 33  38  33  42  44  45
 25  44  39  44  45  42
 34  49  42  34  57  34
 25  34  55  45  34  45
 29  42  34  34  45  44
 32  40  34  26  34  45
 26  42  51  45  45  45
 37  34  55  44  45  45
 25  34  34  45  45  52
 34  33  33  34  34  45
 19  45  43  45  44  45
 32  34  41  34  43  34
 44  43  45  45  45  34
 31  44  48  43  45  45
 38  42  46  41  45  45
 34  30  34  29  45  45
 38  40  45  55  45  45
 34  29  43  45  34  45
 38  26  45  34  45  34
 22  47  34  45  34  34
 23  47  45  44  34  42
 42  39  45  42  34  45
 38  34  45  49  34  42
 29  45  42  42  45  45
 25  29  34  42  34  45
 30  33  38  41  42  42
 37  34  57  34  42  45
 38  42  38  42  34  34
 23  34  42  45  34  42
 33  50  34  44  45  45
 31  34  43  34  34  45
 28  33  42  42  45  42
 25  45  51  45  45  34
 44  33  44  34  41  45
 32  39  45  41  45  45
 33  41  47  44  34  55
 27  52  38  34  34  57
 39  37  43  34  44  45
 18  34  50  45  45  34
 28  42  34  39  44  44
 18  33  45  32  45  45
 45  47  43  45  45  34
 23  39  44  44  52  45
 38  43  34  42  45  34
 28  29  34  45  44  45
 24  41  47  44  34  45
 30  34  39  56  45  45
 22  42  28  34  45  34
 38  40  44  33  34  42
 34  47  34  42  34  34
 21  45  42  34  34  45
 23  46  34  41  45  42
 22  44  41  34  44  34
 29  43  29  45  42  45
 42  54  45  45  41  34
 27  34  42  45  51  45
 47  26  29  42  42  45
 42  37  34  34  42  34
 28  34  44  45  42  42
 29  39  44  42  45  57
 25  38  45  50  44  45
 17  42  47  45  42  34
 18  28  45  42  44  44
 31  29  55  54  45  42
 39  45  43  42  45  45
 21  34  42  34  45  45
 30  48  55  44  45  42
 34  59  45  51  41  45
 44  45  58  44  42  45
 15  34  26  45  45  45
 37  34  56  39  45  45
 29  32  42  44  45  34
 28  33  34  34  45  45
 39  34  34  34  42  34
 23  44  29  34  44  45
 39  34  34  45  34  45
 31  51  38  34  45  45
 29  34  58  41  42  45
 22  43  45  42  45  34
 26  41  45  40  45  45
 38  47  45  38  42  45
 31  29  45  45  38  34
 28  32  45  45  53  44
 38  40  54  57  45  45
 38  34  37  34  34  34
 34  37  39  45  45  34
 29  40  45  45  34  45
 25  42  45  44  34  45
 55  51  43  45  45  34
 34  38  38  56  34  42
 25  29  38  41  45  34
 26  34  34  34  45  45
 36  40  40  44  45  45
 30  42  41  42  45  45
 29  41  42  42  45  34
 44  33  34  42  45  45
 28  39  50  42  42  34
 35  44  42  45  51  34
 29  45  45  56  34  45
 29  34  34  34  45  34
 28  39  41  34  45  45
 36  34  34  45  55  45
 25  33  59  45  45  42
 27  41  36  42  45  34
 37  41  38  42  45  42
 33  41  44  34  45  45
 34  41  45  42  44  45
 30  38  34  45  45  42
 27  46  41  34  42  34
 34  33  34  40  45  45
 23  34  42  42  34  45
 25  41  45  34  45  45
 30  34  40  40  34  45
 34  34  34  34  45  44
 34  45  43  61  54  34
 30  35  44  34  42  45
 26  42  42  34  34  45
 25  40  34  45  55  45
 33  42  40  34  45  45
 32  34  34  34  34  45
 35  42  42  52  45  45
 37  41  44  34  45  34
 29  44  42  38  34  45
 26  33  34  45  34  34
 18  40  42  45  34  45
 28  38  32  34  42  34
 23  34  28  44  34  45
 29  52  34  45  34  45
 42  34  39  39  45  45
 29  36  55  34  45  45
 39  39  44  45  45  56
 29  40  42  44  45  42
 16  34  34  52  45  45
 34  60  34  45  34  45
 38  27  34  44  42  45
 42  41  45  45  34  45
 35  45  34  40  34  34
 11  42  26  52  34  45
 29  33  55  34  45  44
 37  34  42  52  34  45
 27  45  41  45  42  45
 19  34  41  34  52  45
 41  45  52  45  42  34
 16  41  34  34  45  45
 22  34  42  57  45  34
 41  34  34  34  45  34
 29  34  42  34  42  45
 34  40  49  48  42  45
 33  42  45  44  44  45
 30  45  59  57  44  45
 25  33  36  42  52  42
 38  34  34  55  44  45
 28  39  34  45  42  45
 33  40  45  34  45  45
 27  39  42  45  34  45
 40  29  34  49  45  34
 24  53  44  51  52  45
 40  29  34  45  42  45
 32  39  43  55  44  34
 25  33  41  34  42  57
 30  52  45  34  42  45
 15  38  45  45  45  45
 17  43  45  45  45  45
 12  45  42  29  45  45
 30  38  38  34  45  45
 33  40  39  44  45  42
 38  34  45  42  42  45
 36  39  50  42  45  45
 16  36  34  34  34  44
 36  48  34  42  45  56
 43  34  34  42  45  34
 39  42  51  34  42  34
 26  51  34  45  42  45
 29  49  33  33  45  45
 37  39  45  45  42  45
 34  34  42  45  34  54
 34  34  55  45  34  34
 40  34  48  34  34  45
 16  33  34  34  57  45
 33  28  38  57  44  45
 33  37  55  45  57  34
 32  41  34  45  34  44
 33  42  39  34  34  34
 35  41  56  45  34  45
 25  28  34  41  34  45
 26  41  41  45  45  45
 28  41  48  43  48  45
 29  34  45  48  34  34
 25  40  39  34  34  34
 30  29  34  45  52  45
 30  44  45  45  44  45
 24  48  39  26  42  57
 34  54  51  44  42  45
 33  44  45  45  44  45
 28  42  49  42  44  42
 29  42  33  55  45  45
 32  42  29  41  45  45
 34  29  34  55  45  45
 41  32  34  52  42  44
 42  30  45  52  45  34
 19  29  42  51  34  45
 25  38  42  34  34  42
 22  26  45  29  45  42
 30  45  34  56  34  45
 30  32  45  34  39  34
 26  46  45  45  45  34
 38  33  39  38  42  45
 44  42  45  34  34  45
 42  58  43  49  45  45
 21  47  45  40  45  45
 17  29  33  45  42  34
 25  50  43  34  45  43
 28  42  34  56  45  45
 29  45  29  34  44  45
 40  51  46  44  34  45
 28  39  34  44  34  41
 30  41  34  45  45  45
 42  34  42  45  34  42
 37  42  34  34  45  45
 32  46  34  34  42  45
 25  29  34  34  44  45
 32  29  42  56  45  45
 34  45  42  43  34  45
 29  42  45  42  45  34
 29  42  28  34  34  34
 26  34  36  45  45  45
 26  37  26  34  44  45
 22  28  38  42  45  45
 29  42  45  45  45  45
 26  34  34  44  45  34
 29  33  45  38  45  42
 33  33  34  45  42  45
 23  26  34  34  45  56
 23  34  34  34  44  45
 25  42  45  34  45  45
 45  42  57  45  42  45
 40  39  41  34  45  45
 37  45  34  45  34  34
 19  45  45  45  45  34
 52  43  52  45  52  42
 42  48  41  42  45  45
 40  37  37  34  42  57
 33  34  34  34  45  34
 33  48  34  42  45  45
 35  39  34  45  45  34
 21  44  49  51  41  34
 26  48  42  34  57  34
 26  45  39  45  34  34
 29  38  37  34  45  34
 32  36  57  33  42  44
 29  34  43  34  42  45
 31  41  34  34  45  45
 23  44  32  39  34  45
 33  38  34  42  39  45
 41  52  41  34  45  45
 30  34  41  58  55  34
 37  45  34  44  48  55
 34  33  34  52  40  45
 32  29  34  45  45  45
 15  35  55  45  29  45
 31  57  51  36  45  34
 20  39  34  45  52  45
 50  34  34  42  45  34
 34  47  34  45  45  45
 32  52  34  44  45  42
 37  39  34  34  45  34
 33  40  42  34  45  45
 33  38  43  42  44  45
 34  43  44  45  45  45
 25  34  34  34  45  42
 30  38  44  42  55  45
 34  40  37  52  45  45
 31  41  41  39  45  34
 26  42  44  42  45  45
 46  29  45  45  45  44
 29  44  44  45  45  45
 33  29  34  45  44  45
 33  39  38  42  42  44
 25  34  42  45  45  34
 28  43  42  42  45  45
 29  39  41  42  42  45
 24  34  40  45  34  45
 27  29  44  55  45  45
 42  44  57  45  45  45
 20  42  39  34  42  45
 25  42  43  44  34  45
 27  39  34  40  55  45
 41  49  41  34  45  34
 28  27  46  42  42  44
 34  26  45  42  45  45
 39  29  37  44  45  34
 28  45  52  34  45  45
 27  49  34  34  45  45
 27  34  38  44  42  45
 39  45  41  45  34  34
 34  39  42  41  44  42
 28  42  34  34  44  45
 45  36  28  49  41  45
 29  39  42  49  34  45
 31  37  51  44  45  34
 25  34  54  34  45  45
 37  48  34  45  34  42
 42  42  42  42  45  45
 15  45  34  40  42  45
 42  40  43  42  44  34
 35  33  38  34  44  45
 23  38  52  41  34  44
 29  40  34  34  44  45
 21  39  44  34  45  34
 34  38  34  41  45  45
 39  34  45  45  45  45
 21  43  34  42  45  57
 26  37  38  42  45  45
 29  43  43  41  45  42
 26  45  44  45  45  45
 20  34  34  45  34  45
 43  34  34  34  42  45
 34  34  40  29  45  45
 25  40  42  34  45  42
 42  48  41  45  45  45
 37  42  39  55  45  42
 13  34  37  45  34  57
 31  34  44  45  34  45
 42  22  39  41  42  45
 38  39  45  34  34  34
 23  48  45  51  54  45
 38  37  29  34  45  44
 25  42  42  57  45  34
 43  42  42  42  42  45
 29  57  45  45  45  45
 31  34  45  57  45  45
 29  42  44  42  34  44
 22  40  34  34  44  45
 28  34  44  44  34  34
 40  42  44  45  42  45
 34  50  43  41  50  45
 40  39  45  41  34  45
 39  34  42  45  45  45
 33  26  44  44  44  45
 29  42  44  52  45  45
 26  32  42  45  44  45
 32  29  34  44  45  45
 45  42  55  34  44  45
 39  42  36  42  34  45
 26  44  45  55  34  34
 34  26  34  55  45  45
 46  45  41  45  45  34
 41  27  33  45  45  45
 39  52  45  47  45  45
 31  45  42  43  45  45
 24  44  45  34  34  34
 42  33  52  55  34  45
 19  31  40  45  45  34
 26  32  34  42  45  45
 38  34  34  56  45  45
 21  44  34  45  34  34
 28  44  45  34  42  45
 38  41  42  39  45  45
 19  28  42  44  45  44
 39  42  44  42  34  45
 30  44  38  34  45  52
 27  34  42  48  45  34
 32  37  34  34  34  42
 24  45  34  44  42  45
 29  34  34  34  57  45
 30  42  41  43  48  45
 33  38  34  44  45  34
 38  41  45  41  34  45
 39  34  46  34  45  34
 24  42  39  49  34  45
 29  40  52  34  52  45
 40  46  50  34  34  45
 45  41  38  34  45  45
 39  50  41  42  34  45
 20  34  48  42  45  34
 19  34  34  35  34  45
 23  41  42  34  55  34
 29  45  44  50  39  34
 27  39  37  34  42  34
 23  33  42  45  34  45
 37  34  34  52  42  34
 33  40  34  49  44  34
 32  44  42  45  45  34
 24  52  29  45  34  57
 22  34  34  45  34  34
 48  25  42  55  45  44
 40  42  34  45  34  45
 34  39  38  56  34  51
 35  40  45  44  42  45
 40  52  47  45  34  42
 36  45  42  57  45  34
 21  42  44  55  42  45
 42  29  34  42  51  34
 44  60  34  34  45  45
 29  42  42  41  34  45
 36  33  44  41  45  45
 13  42  41  42  34  44
 26  42  45  45  45  41
 28  28  41  45  45  42
 34  42  49  42  34  45
 22  38  44  42  45  45
 32  43  35  45  42  45
 26  29  33  45  57  34
 26  48  42  43  54  34
 35  23  34  45  42  45
 41  34  41  44  45  34
 27  34  43  34  45  45
 21  43  38  45  45  34
 28  45  48  34  45  45
 56  39  53  34  45  34
 29  41  45  34  44  45
 39  32  55  37  45  45
 26  44  56  34  34  34
 29  34  38  45  44  48
 24  42  41  49  34  45
 26  45  48  34  45  45
 32  41  34  48  34  34
 34  39  35  34  34  34
 34  33  34  34  45  45
 22  39  51  42  42  45
 42  42  45  42  44  34
 23  29  34  45  34  34
 43  28  41  44  44  42
 40  34  54  55  44  45
 28  34  34  34  34  45
 33  45  42  34  45  42
 29  39  54  42  45  55
 30  34  45  45  34  34
 37  56  42  51  41  34
 35  34  44  42  45  45
 33  34  45  45  49  45
 25  48  37  41  45  34
 25  41  43  42  45  34
 29  52  42  38  45  45
 32  42  34  42  44  34
 21  53  44  42  45  34
 33  35  34  41  34  45
 29  38  42  44  45  45
 27  37  61  45  45  45
 26  32  45  41  34  45
 28  42  45  45  42  34
 25  40  38  34  49  45
 30  33  44  44  45  45
 33  42  42  34  34  45
 29  34  57  37  44  34
 33  40  34  41  45  45
 21  42  42  34  34  34
 34  42  42  45  43  34
 24  39  42  42  45  57
 27  39  42  54  42  34
 31  34  40  34  34  34
 29  42  54  45  42  45
 33  39  34  42  45  34
 38  25  52  44  44  34
 46  43  29  56  64  45
 39  39  50  41  55  45
 30  26  55  45  45  45
 23  43  42  34  42  45
 43  42  56  40  43  34
 28  34  41  34  34  45
 20  34  45  39  45  42
 46  49  42  34  41  45
 30  34  34  42  45  45
 42  42  40  34  45  45
 38  45  34  34  45  45
 32  42  29  42  44  45
 38  35  44  45  45  45
 35  42  34  45  45  45
 28  37  45  42  44  34
 25  53  29  41  42  45
 24  48  38  45  34  45
 40  38  34  41  34  42
 19  49  34  42  45  45
 33  28  42  48  55  52
 12  55  34  44  34  45
 39  38  55  34  44  38
 23  38  44  55  39  45
 23  42  40  34  44  42
 33  42  42  34  34  41
 27  38  34  34  42  34
 43  42  56  55  34  34
 32  34  43  44  44  34
 22  50  34  44  44  44
 34  42  44  42  34  45
 41  40  47  42  45  34
 44  37  42  57  42  45
 29  39  44  34  34  44
 39  62  33  49  34  34
 22  33  44  45  45  45
 26  41  42  34  42  44
 19  45  44  45  34  45
 27  34  44  42  45  42
 33  31  42  45  57  34
 25  29  41  44  55  45
 45  33  34  45  56  57
 21  40  37  34  45  45
 28  41  29  34  45  34
 33  34  34  45  42  34
 22  38  56  42  42  45
 26  34  29  34  34  45
 22  47  42  34  34  45
 39  34  34  45  56  44
 25  26  46  42  34  45
 30  48  38  42  44  45
 26  42  35  34  34  45
 28  34  37  42  45  34
 43  42  34  43  34  45
 41  34  60  42  51  34
 34  42  44  42  34  34
 24  41  35  45  45  45
 41  32  34  42  45  45
 29  42  42  42  45  42
 26  43  61  48  34  57
 23  35  45  52  42  45
 26  29  57  40  45  44
 23  34  34  41  39  44
 34  33  43  40  45  45
 33  39  48  45  51  45
 38  38  33  45  34  45
 45  34  34  45  57  45
 31  28  34  52  45  34
 34  28  36  34  34  34
 26  29  41  45  45  45
 28  45  44  34  45  45
 42  44  45  45  45  42
 29  34  57  34  34  34
 21  55  52  34  45  45
 33  41  50  52  45  44
 28  48  54  55  45  45
 25  45  34  34  44  45
 29  45  45  34  45  34
 26  42  34  34  45  45
 34  31  38  44  42  34
 42  38  45  42  57  34
 34  45  50  45  45  45
 41  42  42  34  34  45
 33  29  36  45  34  34
 18  45  33  50  42  45
 28  32  34  38  42  42
 31  39  44  34  34  42
 22  40  56  55  39  45
 28  32  34  33  42  45
 32  32  42  44  57  45
 35  46  49  45  55  45
 25  55  40  42  34  51
 30  33  26  45  43  42
 32  34  33  34  45  34
 38  41  42  45  42  45
 47  55  55  34  45  45
 38  33  61  45  55  45
 18  34  42  42  42  34
 28  55  44  39  34  45
 42  37  44  42  40  55
 14  41  34  34  45  45
 29  37  44  52  44  56
 14  44  52  45  42  34
 45  42  45  45  44  45
 34  34  28  42  45  45
 43  34  57  44  45  34
 18  41  34  45  45  44
 23  38  34  42  45  45
 27  34  34  52  34  44
 26  45  48  45  34  45
 27  54  42  33  42  34
 45  45  34  34  42  45
 21  34  44  45  45  34
 20  26  42  45  34  41
 37  52  34  44  45  45
 28  39  57  39  45  34
 42  44  34  42  51  45
 35  26  45  42  41  45
 42  44  34  34  42  45
 28  26  34  42  45  63
 24  44  44  55  44  45
 41  45  51  34  34  45
 40  37  42  42  45  45
 39  56  45  42  34  34
 34  33  42  45  45  45
 27  34  45  42  55  45
 41  34  41  34  45  44
 29  37  39  34  57  42
 33  29  34  34  45  45
 34  42  41  45  42  45
 25  29  45  44  34  45
 23  45  39  34  45  34
 44  41  37  34  45  45
 19  38  44  34  45  45
 32  41  42  44  45  45
 23  39  42  41  45  34
 26  46  55  42  45  34
 30  44  64  44  45  34
 41  33  28  41  34  45
 42  31  42  45  57  45
 34  46  45  44  34  45
 23  41  42  33  45  42
 25  43  34  34  45  45
 30  49  45  45  41  45
 22  44  45  34  34  45
 31  27  34  34  55  34
 27  34  34  41  45  34
 28  48  39  34  50  42
 35  42  54  34  42  45
 24  34  42  45  45  45
 29  35  41  45  45  45
 37  41  37  34  34  34
 27  33  61  45  34  45
 28  37  42  45  34  45
 35  41  42  45  29  45
 41  45  42  43  42  45
 41  33  40  45  34  34
 33  29  42  48  37  45
 40  38  38  44  45  45
 22  33  39  45  34  45
 34  40  34  42  45  45
 22  29  45  42  42  45
 34  46  45  43  34  45
 39  39  52  34  45  45
 32  48  41  44  45  45
 40  37  42  45  34  34
 34  44  37  38  44  45
 29  26  45  34  42  45
 29  34  55  42  45  45
 22  39  42  41  45  45
 18  48  38  42  34  34
 26  33  42  41  45  44
 22  29  42  34  44  45
 28  38  57  42  44  44
 26  40  43  44  45  45
 38  34  42  55  45  45
 25  34  43  42  34  45
 27  36  34  45  45  45
 41  39  48  42  42  44
 23  38  39  45  34  34
 22  34  39  34  43  45
 50  40  52  34  45  45
 31  22  40  42  45  45
 25  38  41  44  48  34
 34  45  34  34  45  45
 34  41  45  45  45  42
 29  42  48  50  42  45
 26  34  42  41  44  34
 27  27  57  57  45  34
 32  42  41  45  41  42
 40  33  29  34  44  34
 34  56  38  43  45  45
 27  33  42  34  57  34
 32  34  29  41  45  45
 37  44  48  53  34  34
 27  34  55  45  34  45
 35  34  42  34  45  51
 33  34  27  42  45  44
 31  41  42  45  45  45
 34  38  45  34  34  45
 26  26  45  45  44  44
 30  38  34  34  42  42
 23  53  42  45  45  34
 42  38  39  34  45  45
 25  42  56  45  34  45
 22  55  34  34  34  45
 33  34  55  55  34  34
 33  46  44  45  45  45
 35  28  34  45  34  45
 33  42  45  39  34  45
 42  33  41  42  45  45
 39  48  42  52  45  34
 20  42  34  45  45  33
 31  49  34  42  45  45
 32  34  34  45  44  45
 30  38  34  48  45  45
 42  35  42  55  51  45
 27  45  40  45  34  45
 28  29  42  39  44  45
 28  38  42  45  34  45
 26  40  33  34  34  45
 37  39  42  45  45  52
 38  41  34  55  45  45
 28  34  34  34  45  42
 28  42  43  45  45  45
 32  34  34  45  34  34
 14  29  29  34  45  45
 34  41  45  45  34  45
 20  40  34  34  45  44
 18  43  34  34  45  51
 17  42  45  34  44  45
 31  39  59  45  45  34
 37  44  34  42  45  42
 32  44  36  34  45  45
 26  38  52  42  55  34
 29  56  34  34  45  45
 27  40  39  41  45  57
 26  42  44  34  45  45
 29  38  34  34  34  45
 24  32  39  45  45  45
 22  42  45  44  45  45
 24  38  38  45  45  45
 23  28  33  42  45  57
 22  36  34  42  44  34
 36  30  42  34  44  45
 28  29  41  51  34  45
 23  34  44  45  34  44
 31  40  39  42  45  45
 26  29  42  42  42  45
 21  34  34  41  43  44
 22  35  34  38  34  45
 24  43  37  34  52  34
 21  42  56  52  34  42
 37  35  37  34  44  34
 31  29  34  42  34  34
 29  39  42  45  45  45
 26  34  48  45  34  34
 40  38  34  42  34  45
 27  33  34  45  45  45
 41  45  34  44  42  45
 28  28  41  45  57  39
 34  38  42  55  45  44
 33  44  45  34  44  45
 25  34  45  41  45  45
 20  38  37  56  55  45
 43  39  34  42  42  42
 39  42  45  45  44  55
 34  45  33  34  45  45
 28  43  34  45  44  45
 24  36  34  42  44  45
 28  44  45  42  45  45
 32  28  49  34  44  42
 34  42  34  34  34  45
 19  34  29  34  34  34
 32  43  44  44  42  55
 29  42  55  34  45  45
 26  37  45  42  42  34
 26  44  44  49  42  45
 43  43  41  29  45  34
 22  43  55  29  45  45
 37  37  44  42  34  34
 26  45  34  34  34  45
 25  42  44  34  45  34
 25  42  50  44  34  45
 37  32  49  45  34  45
 31  33  42  53  45  45
 38  39  42  34  34  45
 25  40  55  42  42  45
 29  35  34  55  34  34
 32  28  45  44  34  34
 22  33  34  45  45  45
 32  44  33  42  45  45
 28  34  45  45  52  42
 42  38  34  44  52  45
 33  33  44  41  34  34
 38  34  39  34  57  34
 33  30  45  42  45  45
 29  38  40  42  45  52
 36  34  34  41  45  34
 28  33  34  45  45  45
 37  29  39  34  45  45
 25  41  52  34  34  45
 41  57  44  55  41  34
 28  37  34  44  45  34
 31  41  34  45  34  45
 22  38  44  42  44  45
 28  39  42  44  44  45
 35  26  42  44  45  45
 36  52  42  44  55  45
 26  55  39  34  45  45
 33  50  45  44  34  45
 34  47  34  45  41  45
 33  42  34  52  45  45
 17  52  34  44  42  34
 30  52  45  45  42  34
 25  45  42  44  41  45
 38  32  42  34  42  34
 29  39  38  45  34  45
 26  37  49  52  34  45
 21  42  28  34  34  45
 41  42  45  38  45  34
 33  34  39  34  45  42
 16  42  40  45  34  44
 36  34  42  39  45  45
 34  29  34  42  45  45
 26  39  29  42  45  42
 29  45  34  45  45  44
 26  33  44  34  45  45
 40  48  29  45  45  45
 34  34  52  34  52  45
 34  33  34  45  34  44
 29  41  56  52  45  57
 40  39  29  45  42  44
 39  26  41  56  52  45
 29  27  45  45  44  34
 33  34  26  45  34  44
 25  34  34  45  34  34
 43  42  42  45  45  45
 26  44  45  34  45  57
 28  39  34  44  44  42
 44  34  45  50  33  45
 34  45  38  55  44  45
 35  34  42  45  34  34
 45  26  55  50  45  45
 28  26  44  45  34  44
 30  34  45  45  37  42
 34  40  38  34  45  45
 29  39  42  43  44  45
 29  45  44  50  45  44
 34  26  34  45  52  45
 26  43  41  55  34  41
 41  41  34  35  34  34
 20  43  39  45  45  45
 33  44  34  44  45  34
 43  39  34  52  41  34
 34  45  37  42  34  45
 23  41  28  34  45  42
 32  29  44  34  45  42
 30  42  34  42  45  45
 24  44  29  34  45  57
 26  44  44  45  34  45
 22  26  44  34  34  45
 16  49  42  45  34  34
 26  41  39  45  45  45
 29  34  42  45  42  45
 37  38  44  45  44  45
 29  37  38  45  45  45
 30  33  57  34  45  44
 28  42  34  44  45  45
 18  57  39  45  42  34
 25  29  45  44  45  45
 26  23  42  45  34  42
 29  34  44  41  45  45
 25  51  40  45  42  57
 22  32  45  34  44  45
 49  48  55  34  45  34
 12  44  42  55  34  45
 29  41  34  41  42  34
 20  29  34  50  45  34
 30  33  56  45  45  34
 36  31  45  45  45  45
 20  38  41  34  42  44
 29  33  29  34  45  45
 45  35  41  45  45  45
 33  45  41  45  45  34
 19  35  33  45  45  34
 24  45  34  45  45  45
 38  37  44  39  34  55
 25  38  45  48  42  45
 31  41  34  34  45  45
 36  37  35  42  34  45
 21  34  39  34  57  45
 23  41  45  44  34  45
 56  52  39  34  34  34
 27  55  44  42  34  45
 38  41  44  45  34  34
 32  35  44  45  45  45
 33  44  40  43  34  45
 40  50  38  45  41  45
 33  35  45  42  42  45
 19  43  42  54  45  45
 33  33  42  45  57  45
 17  43  42  34  44  45
 20  34  42  43  45  34
 23  34  29  42  42  45
 20  29  42  45  45  34
 29  39  42  45  44  45
 22  48  44  45  34  34
 26  33  51  45  45  45
 25  29  45  57  45  45
 26  34  34  34  48  34
 37  33  45  45  44  34
 39  40  43  34  45  34
 25  44  42  42  34  45
 25  43  45  45  34  57
 36  49  34  45  45  45
 42  42  39  45  34  45
 25  34  45  52  57  44
 22  38  34  41  34  34
 39  43  45  34  52  45
 41  38  34  45  44  34
 36  38  41  34  45  45
 39  34  42  42  34  45
 39  40  34  43  34  45
 42  41  57  34  44  45
 30  39  47  45  34  34
 26  42  33  45  45  52
 33  33  34  44  34  45
 23  43  34  42  45  45
 25  55  55  42  45  45
 35  28  34  55  34  45
 26  34  34  34  45  45
 28  29  34  34  45  44
 29  29  29  45  34  45
 34  45  42  45  44  45
 34  57  45  45  34  45
 29  34  34  55  34  42
 28  45  34  34  44  34
 36  45  39  34  42  55
 29  29  44  44  45  45
 29  50  44  34  48  42
 20  38  42  34  45  34
 40  34  34  44  45  45
 30  37  42  38  44  42
 49  44  45  43  45  45
 37  47  42  41  45  42
 26  33  34  34  45  34
 17  27  54  34  34  34
 32  49  45  42  49  45
 16  42  44  34  44  45
 34  34  33  45  42  45
 27  34  43  42  34  45
 28  42  47  34  45  45
 38  39  35  43  45  45
 27  40  42  34  41  45
 18  38  39  54  42  34
 26  34  23  30  45  45
 39  27  42  45  42  34
 23  34  45  44  45  34
 32  44  42  42  34  45
 24  44  42  42  45  45
 27  38  34  34  34  45
 25  34  44  41  42  45
 27  45  34  55  34  34
 46  48  34  34  34  45
 27  34  45  45  34  34
 24  29  34  42  45  45
 33  34  34  42  42  45
 26  44  53  42  34  45
 29  41  41  38  45  45
 23  28  41  52  44  34
 26  27  45  45  42  45
 38  48  29  45  44  45
 43  42  44  45  42  45
 29  42  41  37  45  45
 34  45  34  45  44  45
 28  44  30  34  45  45
 20  40  41  45  45  45
 25  42  42  34  45  41
 26  37  45  34  45  45
 30  44  52  45  34  45
 26  38  57  45  42  45
 25  39  36  44  45  45
 42  26  54  34  45  34
 40  47  45  45  45  52
 26  44  34  41  45  45
 26  34  34  34  56  45
 22  38  42  45  45  45
 37  27  43  44  45  45
 30  44  34  42  34  45
 32  33  34  42  42  45
 19  44  39  45  34  45
 28  33  45  34  39  45
 26  26  56  51  45  45
 29  42  34  55  45  45
 22  34  34  44  34  45
 47  34  50  34  45  45
 35  49  45  34  57  34
 20  42  42  39  40  42
 26  38  44  52  41  42
 31  51  34  45  42  55
 49  38  55  42  42  45
 29  26  38  41  34  45
 34  44  34  55  45  45
